693313498
1624158294
5121926254
5513884397
5480598238
164495715
5006841271
1375862626
1162590059
1461243106
978900459
1685110149
1911495155
1051291585
1946361915
863876201
5584406244
5018537818
481965801
5774405954
5667867744
1389057286
5524549109
631553121
5553408532
1076983806
1901029598
5702770171
1923362107
5632094434
5926283842
5476787539
5920452724
1286902067
2098458207
1103474891
5755686012
5845893959
5666415086
833955828
1148795382
5074088287
5756042954
5396425274
5407627147
5948409266
5644478953
5748614126
5022162151
5300612841
5381434741
5886567231
1944028553
5610845670
5156886754
1433785114
5382129023
